GLubyte red[] = {
    255, 0, 0,255,
    255, 0, 0,255,
    255, 0, 0,255,
    255, 0, 0,255,
    255, 0, 0,255,
    255, 0, 0,255,
    255, 0, 0,255,
    255, 0, 0,255,
    255, 0, 0,255,
    255, 0, 0,255,
    255, 0, 0,255,
    255, 0, 0,255,
    255, 0, 0,255,
    255, 0, 0,255,
    255, 0, 0,255,
    255, 0, 0,255,
};

GLubyte green[] = {
    0, 255, 0,255,
    0, 255, 0,255,
    0, 255, 0,255,
    0, 255, 0,255,
    0, 255, 0,255,
    0, 255, 0,255,
    0, 255, 0,255,
    0, 255, 0,255,
    0, 255, 0,255,
    0, 255, 0,255,
    0, 255, 0,255,
    0, 255, 0,255,
    0, 255, 0,255,
    0, 255, 0,255,
    0, 255, 0,255,
    0, 255, 0,255,
};

GLubyte blue[] = {
    0, 0, 255,255,
    0, 0, 255,255,
    0, 0, 255,255,
    0, 0, 255,255,
    0, 0, 255,255,
    0, 0, 255,255,
    0, 0, 255,255,
    0, 0, 255,255,
    0, 0, 255,255,
    0, 0, 255,255,
    0, 0, 255,255,
    0, 0, 255,255,
    0, 0, 255,255,
    0, 0, 255,255,
    0, 0, 255,255,
    0, 0, 255,255,
};

GLubyte white[] = {
    255, 255, 255,
    255, 255, 255,
    255, 255, 255,
    255, 255, 255,
    255, 255, 255,
    255, 255, 255,
    255, 255, 255,
    255, 255, 255,
    255, 255, 255,
    255, 255, 255,
    255, 255, 255,
    255, 255, 255,
    255, 255, 255,
    255, 255, 255,
    255, 255, 255,
    255, 255, 255,
};

GLubyte yellow[] = {
    255, 255, 0, 255,
    255, 255, 0, 255,
    255, 255, 0, 255,
    255, 255, 0, 255,
    255, 255, 0, 255,
    255, 255, 0, 255,
    255, 255, 0, 255,
    255, 255, 0, 255,
    255, 255, 0, 255,
    255, 255, 0, 255,
    255, 255, 0, 255,
    255, 255, 0, 255,
    255, 255, 0, 255,
    255, 255, 0, 255,
    255, 255, 0, 255,
    255, 255, 0, 255,
};

GLubyte skin[] = {
    255, 220, 117,255,
    255, 220, 117,255,
    255, 220, 117,255,
    255, 220, 117,255,
    255, 220, 117,255,
    255, 220, 117,255,
    255, 220, 117,255,
    255, 220, 117,255,
    255, 220, 117,255,
    255, 220, 117,255,
    255, 220, 117,255,
    255, 220, 117,255,
    255, 220, 117,255,
    255, 220, 117,255,
    255, 220, 117,255,
    255, 220, 117,255,
};

GLubyte brown[] = {
    145, 86, 61,255,
    145, 86, 61,255,
    145, 86, 61,255,
    145, 86, 61,255,
    145, 86, 61,255,
    145, 86, 61,255,
    145, 86, 61,255,
    145, 86, 61,255,
    145, 86, 61,255,
    145, 86, 61,255,
    145, 86, 61,255,
    145, 86, 61,255,
    145, 86, 61,255,
    145, 86, 61,255,
    145, 86, 61,255,
    145, 86, 61,255,
};

GLubyte black[] = {
    0, 0, 0, 255, 
    0, 0, 0, 255,
    0, 0, 0, 255,
    0, 0, 0, 255,
    0, 0, 0, 255,
    0, 0, 0, 255,
    0, 0, 0, 255,
    0, 0, 0, 255,
    0, 0, 0, 255,
    0, 0, 0, 255,
    0, 0, 0, 255,
    0, 0, 0, 255,
    0, 0, 0, 255,
    0, 0, 0, 255,
    0, 0, 0, 255,
    0, 0, 0, 255,
};
